TAM_AN_CARE_VERSION=V8.0
SERIES=08
GATE=S5_DOCKER_DESKTOP_STUCK_PROCESS_OWNERSHIP_CLASSIFICATION
STATUS=FAILED

SOURCE_RECOVERY_RESULT=/Users/anhha/Downloads/TamAnCare_V7_4_3_Development/V8.0/results/V8.0-S5-DOCKER-DATA-INTEGRITY-NON-DESTRUCTIVE-RECOVERY-RESULT.txt
SOURCE_RECOVERY_RESULT_SHA256=fda6ffd71a64103452d7a9fabd8a90b988384606b02ee668d19b665aa65dffe4
SOURCE_RECOVERY_MANIFEST=/Users/anhha/Downloads/TamAnCare_V7_4_3_Development/V8.0/manifests/V8.0-S5-DOCKER-DATA-INTEGRITY-NON-DESTRUCTIVE-RECOVERY-MANIFEST.txt
SOURCE_RECOVERY_MANIFEST_SHA256=7aaab4cea7ea8737890104863c64583438104a87d68b4515e147e10c9521880d

REMAINING_DOCKER_PROCESS_COUNT=509
USER_OWNED_DOCKER_PROCESS_COUNT=300
NON_USER_DOCKER_PROCESS_COUNT=209
PROCESS_USER_OWNERSHIP_PROVEN=NO

COM_DOCKER_BACKEND_PROCESS_COUNT=4
COM_DOCKER_BUILD_PROCESS_COUNT=0
DOCKER_DESKTOP_GUI_PROCESS_COUNT=2
DOCKER_AGENT_PROCESS_COUNT=2
UNKNOWN_CLASSIFIED_COMMAND_COUNT=
EXACT_COMMAND_SURFACE_PROVEN=NO

EXACT_REMAINING_PID_LIST=1,114,116,118,119,122,125,127,128,136,138,142,144,145,149,152,153,155,156,157,158,159,161,164,165,166,168,170,172,173,174,177,178,180,181,182,184,186,187,188,189,191,192,193,195,196,197,200,201,209,211,212,214,218,230,231,232,235,239,282,290,316,318,320,321,322,323,324,327,333,334,337,342,344,347,351,352,354,355,357,360,361,370,378,380,383,392,407,428,430,436,437,438,439,440,441,442,443,447,452,461,462,467,468,472,473,478,480,481,482,484,486,488,491,492,495,496,497,498,499,501,502,504,505,511,517,522,523,526,529,531,535,538,539,540,541,543,545,547,550,551,556,557,562,568,570,572,573,574,577,578,583,587,589,590,594,595,596,609,610,611,612,617,620,635,650,673,675,691,712,758,850,954,986,1044,1091,1125,1131,1194,1195,1200,1201,1203,1204,1205,1207,1213,1215,1238,1240,1388,1418,1425,1436,1436,1439,1439,1461,1461,1479,1483,1484,1489,1525,1525,1909,12360,41184,60905,60937,61516,62423,62438,62873,62950,63000,63212,63279,63559,63662,63737,64360,65733,65879,65903,66935,67144,67432,67589,68251,68689,68743,68785,68797,68804,68806,68838,68839,68843,68851,68883,68919,68970,68991,68994,68996,68999,69001,69010,69155,69156,69194,69195,69216,69226,71746,71787,71890,71893,71894,71897,71900,71901,71906,71916,71926,71929,71930,71940,71941,71943,71944,71945,71947,71948,71949,71950,71952,71958,71960,71969,71970,71971,71972,71973,71974,71976,71977,71978,71979,71981,71983,71984,71985,71986,71987,71988,71990,71993,71994,71995,71996,71997,71998,71999,72000,72001,72002,72003,72004,72005,72006,72008,72009,72010,72011,72012,72014,72015,72016,72020,72021,72023,72024,72025,72026,72027,72028,72029,72030,72031,72032,72033,72034,72035,72036,72037,72038,72050,72052,72055,72057,72058,72059,72061,72062,72063,72064,72065,72066,72067,72068,72069,72070,72071,72072,72073,72074,72075,72088,72090,72113,72117,72124,72131,72133,72271,72283,72285,72287,72510,72646,77262,77352,77353,77460,77466,77468,77469,77497,77498,77499,77500,77501,77506,77517,77528,77529,77530,77531,77532,77534,77535,77536,77538,77544,77576,77585,77587,77588,77589,77594,77595,77620,77621,77622,77624,77626,77630,77639,77640,77641,77719,77990,77992,77993,77994,77995,77996,77997,78667,78898,78900,78901,78902,78903,78904,78905,78906,78907,78924,78926,78927,79104,79111,79181,79574,79575,79743,79745,79749,79940,79942,79943,79944,79945,79946,79947,79948,79949,79980,79981,79984,79985,79986,79987,79989,79991,79994,80250,80414,80793,80813,80814,80823,80824,80825,80826,80827,80828,80829,80830,80836,80849,81002,81003,81004,81007,81008,81010,81366,81368,81443,81589,81593,81602,81607,81608,81609,81610,81613,81682,81683,81701,81794,81909,81911,82043,83067,83068,83069,132,83498,83499,83505,83524,83525,83083,83084
EXACT_REMAINING_PPID_LIST=0,1,122,1425,1436,1439,1461,83083,83498,83499,83505

TAMANCARE_PROCESS_MIXING=NO
DOCKER_RAW_PRESENT=YES
DOCKER_RAW_LOGICAL_SIZE=245106737152

TARGETED_TERM_ELIGIBLE=NO
STUCK_PROCESS_CLASSIFICATION_STATE=STUCK_DOCKER_PROCESS_OWNERSHIP_CLASSIFICATION_BLOCKED

FUNCTIONAL_EXECUTION_AUTHORIZED=NO
CONTROLLED_RUNTIME_START_AUTHORIZED=NO
FAIL_REASON=NON_USER_DOCKER_PROCESS_PRESENT;UNEXPECTED_DOCKER_PROCESS_COMMAND;TARGETED_TERM_NOT_SAFELY_CLASSIFIED
NEXT_CLASS=DOCKER_STUCK_PROCESS_REMEDIATION_REQUIRED
NEXT_ACTION=STOP_AND_RETURN_OUTPUT
